rmse = [1.0581574090277948, 1.036912957541542, 1.0323493689914551, 1.0244413596906132, 1.0372003891150363, 1.0288388907102717, 1.0300148008399492, 1.0285803189924463, 1.0356768696084642, 1.0309124147298965, 1.0438416465326426, 1.0556731518404532, 1.0267508853593157, 1.0408523893958765, 1.0402473389338818, 1.056617731307145, 1.0684624730857248, 1.047333666290901, 1.0462347498089386, 1.043246224279612]
mse = [1.1196971022804156, 1.0751884815175476, 1.0657452196570554, 1.0494800994447524, 1.0757846471803827, 1.0585094630379421, 1.0609304899493603, 1.0579774726186024, 1.0726265782419877, 1.0627804068442261, 1.0896053830359782, 1.1144458035167566, 1.0542173805861386, 1.0833736965111056, 1.0821145261590221, 1.116441030112658, 1.1416120563924634, 1.0969078085463404, 1.0946071517077722, 1.088362684473667]
mae = [0.8721768893925897, 0.8446024394455812, 0.8385777820253004, 0.8249427433270602, 0.8454574138680463, 0.8348695819593233, 0.8357766981763811, 0.8138683945330055, 0.8406222488513778, 0.8314769703914582, 0.8488582708754171, 0.8652179389793857, 0.8269859421086985, 0.8464104780701155, 0.8424334225591821, 0.8646010285024305, 0.8773981340945141, 0.8518564635403145, 0.8493629036344466, 0.8483031761748783]
