rmse_user_cold_no_gan = [1.0405722006059397, 1.0426457180761857, 1.054984067323406, 1.0263775425101958, 1.0302911500877578, 1.060191283911134, 1.048676119055913, 1.027149863447562, 1.0590905616707844, 1.0339745726309069, 1.0493876737500052, 1.0300842303152935, 1.0845629459272443, 1.0235729760404475, 1.0293496466432412, 1.0405810705270544, 1.0417006540918385, 1.043566367323451, 1.0721003372968343, 1.0349608543363196]
mse = [1.082790504673888, 1.087110093422605, 1.112991382306237, 1.0534508597692689, 1.0614998539491547, 1.124005558481139, 1.0997216026781715, 1.0550368419803453, 1.1216728178201376, 1.0691034168472664, 1.1012144898184475, 1.0610735215442506, 1.1762767836783825, 1.0477016372802983, 1.0595606950445657, 1.0828089643392307, 1.0851402527353642, 1.0890307630086637, 1.149399133231986, 1.0711439700085643]
mae = [0.8464080231568385, 0.85364568944124, 0.8694136919389399, 0.8299921522542211, 0.8401793699677355, 0.8706995597972425, 0.8593285801586393, 0.8312075081681485, 0.8709491228782789, 0.8382565942640202, 0.8560817310589196, 0.8305834583155889, 0.8949225427156541, 0.8210736376513071, 0.8305786537578512, 0.8497869242027041, 0.8470405289865366, 0.8496488774939991, 0.8818156209891098, 0.8411597113958434]
