rmse = [1.1032912564801198, 1.1018510115408273, 1.0561193451397979, 1.060575065140892, 1.041371287399862, 1.066057533540795, 1.0449123931201914, 1.0416279313514125, 1.052060295372772, 1.0428148496627005, 1.058519481106479, 1.0516719856354406, 1.056572573116796, 1.0485695877550307, 1.0419305661204223, 1.0525965604970597, 1.0636318849564048, 1.0377299575367902, 1.052353802755097, 1.0561834773724488]
mse = [1.2172515966254815, 1.2140756516335443, 1.1153880711785154, 1.1248194687986075, 1.0844541582208458, 1.1364786648190832, 1.0918419092961653, 1.0849887473714228, 1.1068308650998444, 1.0874628106770405, 1.1204634918819298, 1.1060139653703907, 1.1163456022626475, 1.099498180364755, 1.0856193046160239, 1.1079595191702403, 1.1313127866959147, 1.0768834647693086, 1.1074485261731133, 1.1155235378745578]
mae = [0.9082282679378537, 0.9080235363993117, 0.8584400994873936, 0.8653663731997431, 0.8381017026913755, 0.8736943290016194, 0.8459524753194146, 0.8471734486590876, 0.8576085762884239, 0.846309133482496, 0.86727605034912, 0.8561298200040831, 0.8641871419110706, 0.8537595083835967, 0.848843657413852, 0.8592817410953375, 0.8663908637763633, 0.8370621438474237, 0.8563361350228487, 0.8609920183493214]
