rmse = [1.0440403283513846, 1.048592921216698, 1.0654887201155918, 1.0297048899655326, 1.0355726585836627, 1.0292239168847939, 1.0248740015278974, 1.0260065312824276, 1.04794325693343, 1.0292967634544925, 1.0359243338759465, 1.0595479164486905, 1.0422560927520221, 1.0355899847754089, 1.0413388913580788, 1.0435365276992077, 1.03309988011041, 1.0385230582044405, 1.030755782279912, 1.040402177165882]
mse = [1.0900202072240668, 1.0995471144257682, 1.1352662126935618, 1.0602921604189297, 1.072410731206035, 1.059301871087677, 1.0503667190078048, 1.0526894022341993, 1.0981850697522446, 1.0594518272578934, 1.0731392255163237, 1.1226417872507615, 1.0862977628787116, 1.0724466165671316, 1.0843866866548724, 1.0889684846425192, 1.0672953622841437, 1.0785301424223035, 1.0624574827034736, 1.0824366902515075]
mae = [0.8523252986004834, 0.8623996518336203, 0.8773516931252572, 0.8366198065051218, 0.8407377265189216, 0.8319140898847188, 0.827204017952372, 0.8276999178476226, 0.8553419674253091, 0.8333354194350883, 0.8410604521686491, 0.8696452711029639, 0.8456808206135391, 0.8381380011584433, 0.8493716572554566, 0.8471753082846214, 0.8367308091359763, 0.8445140032612338, 0.8346604320958133, 0.8462583583291914]
