rmse = [1.0402516075947237, 1.023832541845113, 1.0336209101592408, 1.0295931575288664, 1.029699102410731, 1.0223254750081867, 1.032012479699998, 1.0291948025639575, 1.0371027908322112, 1.0364207845650155, 1.0230521968880253, 1.0512097522994281, 1.0290323567235515, 1.050915189740709, 1.0357967299935291, 1.045056349616894, 1.040473287086606, 1.0541495893970196, 1.0449365751623272, 1.0671548681712522]
mse = [1.082123407103407, 1.0482330737410253, 1.0683721859184176, 1.060062070030261, 1.0602802415054648, 1.0451493768507147, 1.0650497582565388, 1.0592419416246635, 1.0755821987519614, 1.0741680426783622, 1.0466357975574148, 1.1050419433294252, 1.0589075911840267, 1.10442273602775, 1.072874865865288, 1.092142773874588, 1.082584661140807, 1.1112313568259051, 1.0918924461119737, 1.1388195126616028]
mae = [0.8449642935884779, 0.8238065899654942, 0.8425271740774253, 0.8352050210426136, 0.8393261495313231, 0.8271527813213337, 0.8366729687400365, 0.8342076408928513, 0.8450330192989588, 0.8421324793998118, 0.8220873311316197, 0.8591018504027994, 0.8309217607848169, 0.8596916348849731, 0.8379040653073266, 0.8511149626005694, 0.8430832110080034, 0.8617319713926683, 0.8525474602827576, 0.8760871136610717]
