rmse = [1.0855227941574743, 1.0700194139975492, 1.0395146872758811, 1.046797034883071, 1.0627109144874054, 1.0493639672900887, 1.0733609211458521, 1.0632181017918925, 1.0596811274619364, 1.0751866170621125, 1.0575970178610565, 1.084719444721896, 1.0865862732540708, 1.0877871685522804, 1.0665798564341757, 1.0690160790307996, 1.059130404160097, 1.0893422575859584, 1.105933215401788, 1.066773334906741]
mse = [1.1783597366354506, 1.1449415463316588, 1.0805907850622731, 1.0957840322399894, 1.1293544877706576, 1.1011647358467944, 1.1521036670430724, 1.130432731977955, 1.1229240918990007, 1.1560262615094696, 1.1185114521885997, 1.176616273757778, 1.1806697292241701, 1.1832809240669873, 1.1375925901511468, 1.142795377226385, 1.1217572130163307, 1.1866665541624726, 1.2230882769289375, 1.1380053480680496]
mae = [0.89527713998219, 0.8760829744467332, 0.8399784429331757, 0.8533698651265086, 0.8654165100681824, 0.8555442247760022, 0.8814830108199263, 0.8720118634723826, 0.8661030091633806, 0.8827977708910029, 0.8635162856137156, 0.8910635906620357, 0.8939108463775334, 0.8945399065068204, 0.8752671648425924, 0.8773646927120815, 0.8660894131768185, 0.8980141043726733, 0.9124017250362386, 0.8748181169839131]
