rmse = [1.0376020696898998, 1.0340072169663008, 1.0314579036906448, 1.028676074816141, 1.0285714525218197, 1.054714245518273, 1.0362490126066124, 1.0458528444006725, 1.0513142313466217, 1.0526383432332844, 1.030290760190103, 1.0348774933604192, 1.0666074775757228, 1.0409316236658834, 1.0670717801556193, 1.0443387235565154, 1.0670664466791102, 1.0480691572068421, 1.0743105269870363, 1.0580480507442147]
mse = [1.0766180550247635, 1.069170924738395, 1.0639054070858995, 1.0581744668991429, 1.057959232942846, 1.11242213969918, 1.073812016128179, 1.0938081721409771, 1.105261613031938, 1.108047481644914, 1.0614990505331003, 1.0709714262639445, 1.137651511220446, 1.0835386451476923, 1.1386421840044822, 1.090643369519652, 1.1386308016283824, 1.0984489582882604, 1.1541431083951639, 1.1194656776836325]
mae = [0.8401454044652102, 0.8359014702649458, 0.8336864690683804, 0.8307851596690126, 0.8231509835612454, 0.8637896983829572, 0.8391220648029377, 0.8527365594020722, 0.8588564146748264, 0.8590733169935966, 0.8220802847928917, 0.8374794472273368, 0.874932564573849, 0.8465754165134189, 0.8748384472094025, 0.8480993794530785, 0.8758914582219559, 0.850743196509018, 0.8816450132269823, 0.8627786844388184]
