rmse = [1.0564767701567477, 1.0376584597573741, 1.0238106986772593, 1.0238630020649102, 1.0208028014100365, 1.0284672387358682, 1.0406661718156267, 1.0402793564473651, 1.0186191713334658, 1.065499878387347, 1.0383364266250854, 1.046228199066416, 1.0299713632165428, 1.0583620652781323, 1.0471177944523782, 1.0565584345241117, 1.0443982013734967, 1.0501986868524096, 1.0578089441099003, 1.0347151131545216]
mse = [1.1161431658808334, 1.0767350791060462, 1.0481883467260176, 1.0482954469973704, 1.0420383593665785, 1.0577448611529814, 1.0829860811613916, 1.082181139450544, 1.0375850162080766, 1.1352899908434515, 1.0781425348565512, 1.0945934445217562, 1.0608410090461438, 1.1201302612197936, 1.096455675458813, 1.1163157255640417, 1.090767603032195, 1.1029172818665254, 1.1189597622389025, 1.0706353653903744]
mae = [0.8699210842977498, 0.8477082416753301, 0.8282209406648254, 0.8277001117053373, 0.8180893137822988, 0.8360573074036134, 0.8520128918894119, 0.849906513284723, 0.8140957707283373, 0.8758338109424011, 0.8436163071205797, 0.8515527496612183, 0.8338858919449939, 0.8683046616068365, 0.8533041644118383, 0.8659492718410673, 0.8481018488222845, 0.8558377631637379, 0.8648843806495253, 0.8360967327993245]
