rmse = [1.0328622381424493, 1.032260569101996, 1.0216338670194636, 1.033603562435749, 1.0230315608859661, 1.0350158765699597, 1.031449026199472, 1.0532836333880178, 1.0501535635051864, 1.0611505875518588, 1.039667794789701, 1.0747943494991665, 1.0406612927566443, 1.0591841234221155, 1.034863766390924, 1.0550979743501727, 1.0516804166275833, 1.0737488713848604, 1.0536556633658147, 1.0380074013504599]
mse = [1.0668044029806294, 1.0655618825227764, 1.0437357582411428, 1.0683363242798711, 1.0465935745687762, 1.071257864751882, 1.0638870936478388, 1.109406412363064, 1.1028225069426416, 1.126040569461655, 1.0809091235228798, 1.1551828937153366, 1.08297592624193, 1.121871007309475, 1.0709430149888086, 1.1132317354778376, 1.106031698717967, 1.1529366388002615, 1.110190256942855, 1.0774593652583349]
mae = [0.8329928524668037, 0.8339946453815611, 0.8201146528196481, 0.8412759285397555, 0.8239942168040392, 0.844076459727389, 0.8359789911108995, 0.8653345905424977, 0.859855769356225, 0.8724976987050619, 0.8463288265351147, 0.8851493743153672, 0.8459420051495015, 0.8627990839786341, 0.8256448021911761, 0.8602974406137982, 0.8578446078785815, 0.8787013857634429, 0.8558208745613464, 0.836850789640073]
