rmse_user_cold = [1.1540324627145147, 1.1289333173514988, 1.15986385388929, 1.1324853921003555, 1.1547889497704298, 1.1540885315055762, 1.1278615556132359, 1.1309623202001637, 1.1471120786098585, 1.1220144425213907, 1.150001095594515, 1.1389043741664249, 1.1367322639472661, 1.1286579935499421, 1.1516572180200297, 1.143007787414852, 1.134655057095603, 1.141881001146952, 1.1537799373616964, 1.1428505794593153]
mse_user_cold = [1.3317909249989277, 1.2744904350262598, 1.3452841595589162, 1.282523163320696, 1.333537518511892, 1.3319203385526976, 1.2720716886303083, 1.2790757697125377, 1.31586612089263, 1.258916409226587, 1.3225025198685847, 1.2971031734954162, 1.2921602398986771, 1.2738688664041813, 1.3263143478176345, 1.3064668020909957, 1.2874420985926265, 1.3038922207803656, 1.3312081438583598, 1.3061074469704927]
mae_user_cold = [0.9564199947566048, 0.9290055515571197, 0.9594013358855951, 0.9335508892824934, 0.9530373270145711, 0.9483873139072692, 0.928836121026544, 0.9296898663243788, 0.9459764222700754, 0.9180908892561614, 0.9467309913696413, 0.9357263260840304, 0.9355459802150611, 0.9256162170371607, 0.9530249553339964, 0.9429228708103842, 0.9330604607710389, 0.9411576662154875, 0.9504902334676124, 0.9416593529303185]
